1585031079
1585031147
1585031195
1585031244
1585031288
1585031319
1585031362
1585031395
1585031426
1585031469
1585031516
1585031561
1585031592
1585031623
1585031654
1585031685
1585031726
1585031755
1585031788
1585031819
1585031849
1585031885
1585031916
1585031957
1585031986
1585032018
1585032068
1585032098
1585032129
1585032159
1585032212
1585032243
1585032275
1585032322
1585032353
1585032396
1585032426
1585032457
1585032487
1585032530
1585032558
1585032596
1585032627
1585032657
1585032702
1585032733
1585032764
1585032794
1585032824
1585032854
1585032885
1585032915
1585032946
1585032976
1585033017
1585033066
1585033112
1585033140
1585033184
1585033227
1585033262
1585033297
1585033343
1585033382
